-0.448560 0.321931 0.753922
-0.420835 0.187790 0.824975
-0.391989 -0.772541 0.317448
-0.393347 -0.794021 0.307701
-0.468131 -0.278101 0.813275
-0.391773 0.124292 0.833931
-0.386388 -0.142893 0.826233
-0.289951 -0.861247 0.163322
-0.376654 -0.332158 0.821847
-0.382368 -0.406625 0.778493
-0.258951 0.120694 0.857932
-0.161224 -0.514497 0.739480
-0.100129 -0.927727 0.009844
-0.223515 -0.336472 0.856232
-0.241307 -0.459401 0.793781
-0.206625 0.271440 0.823114
-0.209165 0.207559 0.839779
-0.120045 -0.401636 0.843989
0.013177 -0.951943 0.146866
0.003322 -0.961837 0.153489
